{
	 "__metadata__": {
		 "format": "assimp2json"
		,"version": 100
	}
	,"rootnode": {
		 "name": "metarig.001"
		,"transformation": [
			 0.204124
			,0
			,0
			,0
			,0
			,0.204124
			,0
			,0
			,0
			,0
			,0.204124
			,0
			,0
			,0
			,0
			,1
		]
		,"children": [
			{
				 "name": "cartoon-characters.001"
				,"transformation": [
					 1
					,0
					,0
					,0
					,0
					,1
					,0
					,0
					,0
					,0
					,1
					,0
					,0
					,0
					,0
					,1
				]
				,"meshes": [
					 0
					,1
					,2
					,3
				]
			}
			,{
				 "name": "spine"
				,"transformation": [
					 1
					,-3.08931e-15
					,4.87133e-15
					,-0.00344142
					,4.20758e-15
					,0.968339
					,-0.24964
					,0.552788
					,-3.94588e-15
					,0.24964
					,0.968339
					,-0.0817507
					,0
					,0
					,0
					,1
				]
				,"children": [
					{
						 "name": "spine.001"
						,"transformation": [
							 1
							,-3.64887e-08
							,-8.33421e-10
							,0.0216856
							,3.62926e-08
							,0.991685
							,0.128685
							,0.222624
							,-3.86906e-09
							,-0.128685
							,0.991685
							,0.0292305
							,0
							,0
							,0
							,1
						]
						,"children": [
							{
								 "name": "spine.002"
								,"transformation": [
									 1
									,1.33291e-12
									,1.08842e-13
									,1.45888e-09
									,-1.33372e-12
									,0.987998
									,0.154462
									,0.193529
									,9.83481e-14
									,-0.154462
									,0.987998
									,-1.22304e-08
									,0
									,0
									,0
									,1
								]
								,"children": [
									{
										 "name": "spine.003"
										,"transformation": [
											 1
											,-3.25495e-09
											,3.16329e-09
											,-2.09548e-09
											,3.26523e-09
											,0.999995
											,-0.00325504
											,0.244873
											,-3.15268e-09
											,0.00325504
											,0.999995
											,-5.58792e-09
											,0
											,0
											,0
											,1
										]
										,"children": [
											{
												 "name": "spine.004"
												,"transformation": [
													 1
													,1.73995e-09
													,-4.19212e-09
													,-4.04845e-10
													,-3.25496e-09
													,0.918604
													,-0.39518
													,0.272763
													,3.16331e-09
													,0.395179
													,0.918604
													,2.08246e-08
													,0
													,0
													,0
													,1
												]
												,"children": [
													{
														 "name": "spine.005"
														,"transformation": [
															 1
															,-8.34888e-14
															,-2.38419e-07
															,-1.86268e-09
															,4.50274e-08
															,0.982004
															,0.188858
															,0.093712
															,2.34128e-07
															,-0.188858
															,0.982004
															,2.24454e-07
															,0
															,0
															,0
															,1
														]
														,"children": [
															{
																 "name": "spine.006"
																,"transformation": [
																	 1
																	,-4.03439e-08
																	,2.30086e-07
																	,0.00185355
																	,-3.29863e-09
																	,0.982436
																	,0.186599
																	,0.0834361
																	,-2.33573e-07
																	,-0.186599
																	,0.982436
																	,0.0089601
																	,0
																	,0
																	,0
																	,1
																]
																,"children": [
																	{
																		 "name": "spine.006_end"
																		,"transformation": [
																			 1
																			,-2.48692e-09
																			,2.48696e-09
																			,-1.70382e-10
																			,2.48692e-09
																			,1
																			,4.89661e-08
																			,0.280867
																			,-2.48696e-09
																			,-4.89661e-08
																			,1
																			,8.00068e-10
																			,0
																			,0
																			,0
																			,1
																		]
																		,"children": [
																			{
																				 "name": "spine.006_end_end"
																				,"transformation": [
																					 1
																					,0
																					,0
																					,1.86265e-09
																					,0
																					,-1.19209e-07
																					,-1
																					,0.280867
																					,0
																					,1
																					,-1.19209e-07
																					,7.45058e-09
																					,0
																					,0
																					,0
																					,1
																				]
																			}
																		]
																	}
																]
															}
														]
													}
												]
											}
											,{
												 "name": "shoulder.L"
												,"transformation": [
													 0.507094
													,0.861887
													,0.0026722
													,0.0259196
													,-0.0257754
													,0.0120659
													,0.999595
													,0.194356
													,0.861505
													,-0.506958
													,0.0283341
													,0.110832
													,0
													,0
													,0
													,1
												]
												,"children": [
													{
														 "name": "upper_arm.L"
														,"transformation": [
															 -0.0827522
															,0.507094
															,0.857909
															,0.0903364
															,0.0517732
															,0.861886
															,-0.504451
															,0.438521
															,-0.995224
															,0.00267226
															,-0.0975769
															,-0.127147
															,0
															,0
															,0
															,1
														]
														,"children": [
															{
																 "name": "forearm.L"
																,"transformation": [
																	 0.989797
																	,-1.10812e-06
																	,-0.142482
																	,-1.17833e-07
																	,1.08433e-06
																	,1
																	,-2.44672e-07
																	,0.360651
																	,0.142482
																	,8.7679e-08
																	,0.989797
																	,-1.20385e-08
																	,0
																	,0
																	,0
																	,1
																]
																,"children": [
																	{
																		 "name": "hand.L"
																		,"transformation": [
																			 0.999357
																			,4.50319e-06
																			,0.0358425
																			,-9.0628e-08
																			,-4.53464e-06
																			,1
																			,7.95978e-07
																			,0.224472
																			,-0.0358426
																			,-9.57999e-07
																			,0.999357
																			,2.58021e-09
																			,0
																			,0
																			,0
																			,1
																		]
																		,"children": [
																			{
																				 "name": "hand.L_end"
																				,"transformation": [
																					 1
																					,-3.99681e-06
																					,3.88242e-06
																					,-7.08964e-08
																					,3.99681e-06
																					,1
																					,-4.28863e-07
																					,0.178375
																					,-3.88241e-06
																					,4.28878e-07
																					,1
																					,3.72524e-09
																					,0
																					,0
																					,0
																					,1
																				]
																				,"children": [
																					{
																						 "name": "hand.L_end_end"
																						,"transformation": [
																							 1
																							,0
																							,0
																							,-4.74392e-09
																							,0
																							,-1.19209e-07
																							,-1
																							,0.178375
																							,0
																							,1
																							,-1.19209e-07
																							,-3.72529e-09
																							,0
																							,0
																							,0
																							,1
																						]
																					}
																				]
																			}
																		]
																	}
																]
															}
														]
													}
												]
											}
											,{
												 "name": "shoulder.R"
												,"transformation": [
													 0.507094
													,-0.861887
													,-0.00267282
													,-0.0190499
													,0.0257755
													,0.0120651
													,0.999595
													,0.194356
													,-0.861505
													,-0.506958
													,0.0283337
													,0.110832
													,0
													,0
													,0
													,1
												]
												,"children": [
													{
														 "name": "upper_arm.R"
														,"transformation": [
															 -0.126448
															,-0.515249
															,-0.847661
															,-0.0903363
															,0.027309
															,0.852388
															,-0.522196
															,0.438521
															,0.991597
															,-0.0891795
															,-0.0937118
															,-0.127147
															,0
															,0
															,0
															,1
														]
														,"children": [
															{
																 "name": "forearm.R"
																,"transformation": [
																	 0.97157
																	,-0.0103645
																	,0.236525
																	,-2.13898e-07
																	,-0.00143343
																	,0.998766
																	,0.0496538
																	,0.360651
																	,-0.236748
																	,-0.0485812
																	,0.970356
																	,1.8942e-08
																	,0
																	,0
																	,0
																	,1
																]
																,"children": [
																	{
																		 "name": "hand.R"
																		,"transformation": [
																			 0.999357
																			,-3.80644e-06
																			,-0.0358433
																			,-2.39805e-07
																			,3.82911e-06
																			,1
																			,5.63783e-07
																			,0.224472
																			,0.0358433
																			,-7.00669e-07
																			,0.999357
																			,-1.76166e-11
																			,0
																			,0
																			,0
																			,1
																		]
																		,"children": [
																			{
																				 "name": "hand.R_end"
																				,"transformation": [
																					 1
																					,2.66961e-06
																					,-2.57388e-06
																					,-2.15369e-07
																					,-2.66961e-06
																					,1
																					,-2.69887e-07
																					,0.178375
																					,2.57388e-06
																					,2.69894e-07
																					,1
																					,-1.21073e-08
																					,0
																					,0
																					,0
																					,1
																				]
																				,"children": [
																					{
																						 "name": "hand.R_end_end"
																						,"transformation": [
																							 1
																							,0
																							,0
																							,3.12924e-07
																							,0
																							,-1.19209e-07
																							,-1
																							,0.178375
																							,0
																							,1
																							,-1.19209e-07
																							,1.11759e-08
																							,0
																							,0
																							,0
																							,1
																						]
																					}
																				]
																			}
																		]
																	}
																]
															}
														]
													}
												]
											}
											,{
												 "name": "breast.L"
												,"transformation": [
													 -1
													,-6.82235e-10
													,1.04111e-06
													,0.167699
													,1.04071e-06
													,-0.0285606
													,0.999592
													,-0.00691324
													,2.9053e-08
													,0.999592
													,0.0285607
													,-0.0605596
													,0
													,0
													,0
													,1
												]
												,"children": [
													{
														 "name": "breast.L_end"
														,"transformation": [
															 1
															,3.25623e-09
															,1.01408e-06
															,-3.99909e-10
															,-3.25505e-09
															,1
															,-1.1716e-06
															,0.197159
															,-1.01408e-06
															,1.1716e-06
															,1
															,-3.03658e-08
															,0
															,0
															,0
															,1
														]
														,"children": [
															{
																 "name": "breast.L_end_end"
																,"transformation": [
																	 1
																	,0
																	,0
																	,0
																	,0
																	,-1.19209e-07
																	,-1
																	,0.197159
																	,0
																	,1
																	,-1.19209e-07
																	,1.03465e-07
																	,0
																	,0
																	,0
																	,1
																]
															}
														]
													}
												]
											}
											,{
												 "name": "breast.R"
												,"transformation": [
													 -1
													,-6.81972e-10
													,8.7439e-08
													,-0.160829
													,8.74228e-08
													,-0.0285598
													,0.999592
													,-0.00691301
													,1.81554e-09
													,0.999592
													,0.0285596
													,-0.0605596
													,0
													,0
													,0
													,1
												]
												,"children": [
													{
														 "name": "breast.R_end"
														,"transformation": [
															 1
															,3.25475e-09
															,-1.13168e-06
															,-2.52675e-09
															,-3.25334e-09
															,1
															,1.25025e-06
															,0.197159
															,1.13168e-06
															,-1.25025e-06
															,1
															,8.98067e-08
															,0
															,0
															,0
															,1
														]
														,"children": [
															{
																 "name": "breast.R_end_end"
																,"transformation": [
																	 1
																	,0
																	,0
																	,0
																	,0
																	,-1.19209e-07
																	,-1
																	,0.197159
																	,0
																	,1
																	,-1.19209e-07
																	,6.34367e-09
																	,0
																	,0
																	,0
																	,1
																]
															}
														]
													}
												]
											}
										]
									}
								]
							}
						]
					}
					,{
						 "name": "pelvis.L"
						,"transformation": [
							 -0.421772
							,0.536321
							,-0.731073
							,0.0641911
							,-0.0525318
							,0.79049
							,0.610217
							,0.168917
							,0.905179
							,0.295777
							,-0.305233
							,-0.0278863
							,0
							,0
							,0
							,1
						]
						,"children": [
							{
								 "name": "pelvis.L_end"
								,"transformation": [
									 1
									,2.23519e-08
									,6.44475e-07
									,-1.11759e-08
									,-2.23516e-08
									,1
									,-3.94881e-07
									,0.254598
									,-6.44475e-07
									,3.94881e-07
									,1
									,9.31342e-10
									,0
									,0
									,0
									,1
								]
								,"children": [
									{
										 "name": "pelvis.L_end_end"
										,"transformation": [
											 1
											,0
											,0
											,-5.96046e-08
											,0
											,-1.19209e-07
											,-1
											,0.254598
											,0
											,1
											,-1.19209e-07
											,-5.96046e-08
											,0
											,0
											,0
											,1
										]
									}
								]
							}
						]
					}
					,{
						 "name": "pelvis.R"
						,"transformation": [
							 -0.421772
							,-0.536321
							,0.731073
							,-0.0573214
							,0.0525319
							,0.79049
							,0.610217
							,0.168917
							,-0.905179
							,0.295777
							,-0.305233
							,-0.0278862
							,0
							,0
							,0
							,1
						]
						,"children": [
							{
								 "name": "pelvis.R_end"
								,"transformation": [
									 1
									,1.04308e-07
									,-7.89761e-07
									,-3.72529e-09
									,-1.04308e-07
									,1
									,-5.96046e-08
									,0.254598
									,7.89762e-07
									,5.96047e-08
									,1
									,5.58794e-09
									,0
									,0
									,0
									,1
								]
								,"children": [
									{
										 "name": "pelvis.R_end_end"
										,"transformation": [
											 1
											,0
											,0
											,1.49012e-08
											,0
											,-1.19209e-07
											,-1
											,0.254598
											,0
											,1
											,-1.19209e-07
											,-8.9407e-08
											,0
											,0
											,0
											,1
										]
									}
								]
							}
						]
					}
					,{
						 "name": "thigh.L"
						,"transformation": [
							 1
							,1.23253e-07
							,1.86065e-08
							,0.264319
							,1.2077e-07
							,-0.921062
							,-0.389416
							,0.26455
							,-3.08591e-08
							,0.389416
							,-0.921063
							,0.0456986
							,0
							,0
							,0
							,1
						]
						,"children": [
							{
								 "name": "shin.L"
								,"transformation": [
									 0.966911
									,-0.223101
									,0.123727
									,4.29728e-09
									,0.219105
									,0.974655
									,0.0451844
									,0.380936
									,-0.130672
									,-0.0165801
									,0.991287
									,-3.53854e-09
									,0
									,0
									,0
									,1
								]
								,"children": [
									{
										 "name": "foot.L"
										,"transformation": [
											 1
											,8.0225e-07
											,7.16162e-06
											,5.15714e-08
											,-7.05075e-06
											,0.31436
											,0.949304
											,0.322589
											,-1.48975e-06
											,-0.949304
											,0.31436
											,-1.84563e-09
											,0
											,0
											,0
											,1
										]
										,"children": [
											{
												 "name": "toe.L"
												,"transformation": [
													 -1
													,1.85316e-06
													,5.21646e-06
													,-1.34778e-07
													,-1.19324e-06
													,0.847998
													,-0.529999
													,0.0917916
													,-5.40572e-06
													,-0.529999
													,-0.847998
													,-4.06902e-09
													,0
													,0
													,0
													,1
												]
												,"children": [
													{
														 "name": "toe.L_end"
														,"transformation": [
															 1
															,-1.05623e-12
															,-1.25656e-06
															,-3.84707e-08
															,-5.72776e-13
															,1
															,-1.2964e-06
															,0.047726
															,1.25656e-06
															,1.2964e-06
															,1
															,-1.34034e-08
															,0
															,0
															,0
															,1
														]
														,"children": [
															{
																 "name": "toe.L_end_end"
																,"transformation": [
																	 1
																	,0
																	,0
																	,-4.47035e-08
																	,0
																	,-1.19209e-07
																	,-1
																	,0.0477261
																	,0
																	,1
																	,-1.19209e-07
																	,-1.49012e-08
																	,0
																	,0
																	,0
																	,1
																]
															}
														]
													}
												]
											}
											,{
												 "name": "heel.02.L"
												,"transformation": [
													 1.66893e-06
													,1
													,6.3777e-06
													,-0.0269883
													,0.847996
													,1.96695e-06
													,-0.530002
													,0.0141833
													,-0.530001
													,6.28829e-06
													,-0.847997
													,0.0624916
													,0
													,0
													,0
													,1
												]
												,"children": [
													{
														 "name": "heel.02.L_end"
														,"transformation": [
															 1
															,-1.65278e-07
															,2.43533e-06
															,-1.55591e-08
															,1.65278e-07
															,1
															,7.63574e-08
															,0.0568169
															,-2.43533e-06
															,-7.6357e-08
															,1
															,2.66118e-10
															,0
															,0
															,0
															,1
														]
														,"children": [
															{
																 "name": "heel.02.L_end_end"
																,"transformation": [
																	 1
																	,0
																	,0
																	,-7.45058e-09
																	,0
																	,-1.19209e-07
																	,-1
																	,0.0568169
																	,0
																	,1
																	,-1.19209e-07
																	,0
																	,0
																	,0
																	,0
																	,1
																]
															}
														]
													}
												]
											}
										]
									}
								]
							}
						]
					}
					,{
						 "name": "thigh.R"
						,"transformation": [
							 0.903823
							,-0.0469295
							,-0.425326
							,-0.28985
							,-0.16663
							,-0.954109
							,-0.248816
							,0.26984
							,-0.394131
							,0.295758
							,-0.870166
							,-0.0266067
							,0
							,0
							,0
							,1
						]
						,"children": [
							{
								 "name": "shin.R"
								,"transformation": [
									 0.999489
									,0.0295412
									,0.0122136
									,5.45144e-08
									,-0.0203728
									,0.883093
									,-0.468756
									,0.362157
									,-0.0246334
									,0.468268
									,0.883243
									,-0.00332614
									,0
									,0
									,0
									,1
								]
								,"children": [
									{
										 "name": "foot.R"
										,"transformation": [
											 1
											,1.69484e-07
											,-1.24006e-05
											,-5.75172e-08
											,1.23386e-05
											,0.0872387
											,0.996187
											,0.360731
											,1.25065e-06
											,-0.996188
											,0.0872386
											,-2.72665e-08
											,0
											,0
											,0
											,1
										]
										,"children": [
											{
												 "name": "toe.R"
												,"transformation": [
													 -1
													,-2.2858e-06
													,-1.20686e-05
													,5.72656e-08
													,1.70168e-06
													,0.947277
													,-0.320415
													,0.0850242
													,1.21647e-05
													,-0.320415
													,-0.947278
													,0.00256371
													,0
													,0
													,0
													,1
												]
												,"children": [
													{
														 "name": "toe.R_end"
														,"transformation": [
															 1
															,-3.26008e-09
															,9.88119e-09
															,3.50582e-08
															,3.26008e-09
															,1
															,-2.98023e-08
															,0.047726
															,-9.88119e-09
															,2.98023e-08
															,1
															,-5.50851e-10
															,0
															,0
															,0
															,1
														]
														,"children": [
															{
																 "name": "toe.R_end_end"
																,"transformation": [
																	 1
																	,0
																	,0
																	,0
																	,0
																	,-1.19209e-07
																	,-1
																	,0.0477261
																	,0
																	,1
																	,-1.19209e-07
																	,-7.45058e-09
																	,0
																	,0
																	,0
																	,1
																]
															}
														]
													}
												]
											}
											,{
												 "name": "heel.02.R"
												,"transformation": [
													 2.32458e-06
													,-1
													,-1.20103e-05
													,0.0269884
													,-0.947276
													,1.66893e-06
													,-0.320416
													,-0.00489185
													,0.320416
													,1.21295e-05
													,-0.947277
													,0.0454979
													,0
													,0
													,0
													,1
												]
												,"children": [
													{
														 "name": "heel.02.R_end"
														,"transformation": [
															 1
															,-2.44377e-07
															,-2.24162e-06
															,-3.09126e-08
															,2.44377e-07
															,1
															,7.29545e-08
															,0.0568169
															,2.24162e-06
															,-7.29551e-08
															,1
															,5.92412e-09
															,0
															,0
															,0
															,1
														]
														,"children": [
															{
																 "name": "heel.02.R_end_end"
																,"transformation": [
																	 1
																	,0
																	,0
																	,2.98023e-08
																	,0
																	,-1.19209e-07
																	,-1
																	,0.0568169
																	,0
																	,1
																	,-1.19209e-07
																	,0
																	,0
																	,0
																	,0
																	,1
																]
															}
														]
													}
												]
											}
										]
									}
								]
							}
						]
					}
				]
			}
		]
	}
	,"flags": 0
	,"meshes": [
		{
			 "name": "Mesh-0"
			,"materialindex": 0
			,"primitivetypes": 4
			,"vertices": [
				 -0.0330554
				,0.317613
				,0.0355017
				,-0.0329376
				,0.31391
				,0.0419713
				,-0.0328943
				,0.313433
				,0.0457005
				,-0.0328656
				,0.313938
				,0.0494262
				,-0.0328535
				,0.31539
				,0.0528944
				,-0.0328589
				,0.317689
				,0.0558688
				,-0.0328813
				,0.32068
				,0.0581466
				,-0.031267
				,0.321096
				,0.0330531
				,-0.0294717
				,0.318597
				,0.0352137
				,-0.0279244
				,0.316727
				,0.0380854
				,-0.0267303
				,0.315615
				,0.0414724
				,-0.025971
				,0.315335
				,0.0451441
				,-0.0256981
				,0.315907
				,0.0488501
				,-0.0259303
				,0.317291
				,0.052338
				,-0.0266516
				,0.319394
				,0.0553699
				,-0.0278131
				,0.322073
				,0.0577393
				,-0.0299258
				,0.322433
				,0.0326819
				,-0.0268809
				,0.321179
				,0.0344967
				,-0.0242603
				,0.32038
				,0.0370714
				,-0.0222428
				,0.320088
				,0.0402306
				,-0.0209658
				,0.320324
				,0.043759
				,-0.0205164
				,0.321071
				,0.0474161
				,-0.0209251
				,0.32228
				,0.0509529
				,-0.0221641
				,0.323867
				,0.0541281
				,-0.0241491
				,0.325725
				,0.0567254
				,-0.029458
				,0.324239
				,0.0321882
				,-0.0259771
				,0.324668
				,0.0335428
				,-0.0229822
				,0.325313
				,0.0357225
				,-0.0206775
				,0.32613
				,0.0385785
				,-0.0192199
				,0.327063
				,0.0419164
				,-0.0187089
				,0.328048
				,0.0455085
				,-0.0191792
				,0.329019
				,0.0491102
				,-0.0205988
				,0.329909
				,0.052476
				,-0.0228709
				,0.330658
				,0.0553765
				,-0.0299888
				,0.326029
				,0.0317042
				,-0.0270026
				,0.328127
				,0.0326078
				,-0.0244325
				,0.330206
				,0.0344
				,-0.0224537
				,0.332122
				,0.0369589
				,-0.021201
				,0.333746
				,0.0401099
				,-0.0207598
				,0.334968
				,0.0436383
				,-0.0211603
				,0.335703
				,0.0473037
				,-0.022375
				,0.335902
				,0.0508564
				,-0.0243212
				,0.335551
				,0.054054
				,-0.0313761
				,0.327325
				,0.0313595
				,-0.0296826
				,0.330631
				,0.0319419
				,-0.0282225
				,0.333747
				,0.0334584
				,-0.0270955
				,0.336459
				,0.0358057
				,-0.0263783
				,0.338583
				,0.0388236
				,-0.0261198
				,0.339975
				,0.0423067
				,-0.0263376
				,0.34054
				,0.0460175
				,-0.0270169
				,0.340238
				,0.0497031
				,-0.0281113
				,0.339092
				,0.0531124
				,-0.033248
				,0.32778
				,0.0312466
				,-0.0332989
				,0.331509
				,0.0317238
				,-0.0333369
				,0.334987
				,0.03315
				,-0.0333592
				,0.337978
				,0.0354279
				,-0.0333646
				,0.340278
				,0.0384023
				,-0.0333525
				,0.34173
				,0.0418704
				,-0.0333239
				,0.342235
				,0.0455962
				,-0.0332806
				,0.341758
				,0.0493253
				,-0.0332256
				,0.340332
				,0.052804
				,-0.0351031
				,0.32727
				,0.0313957
				,-0.0368827
				,0.330524
				,0.0320119
				,-0.038405
				,0.333595
				,0.0335573
				,-0.0395664
				,0.336273
				,0.0359267
				,-0.0402878
				,0.338376
				,0.0389587
				,-0.04052
				,0.339761
				,0.0424465
				,-0.0402471
				,0.340333
				,0.0461525
				,-0.0394878
				,0.340053
				,0.0498242
				,-0.0382937
				,0.33894
				,0.0532113
				,-0.0364443
				,0.325933
				,0.0317668
				,-0.0394735
				,0.327942
				,0.0327289
				,-0.0420691
				,0.329943
				,0.0345713
				,-0.044054
				,0.331801
				,0.0371686
				,-0.045293
				,0.333388
				,0.0403438
				,-0.0457017
				,0.334596
				,0.0438805
				,-0.0452523
				,0.335344
				,0.0475377
				,-0.0439753
				,0.33558
				,0.051066
				,-0.0419578
				,0.335288
				,0.0542253
				,-0.0369121
				,0.324128
				,0.0322606
				,-0.0369121
				,0.324128
				,0.0322606
				,-0.0403773
				,0.324454
				,0.0336827
				,-0.0403773
				,0.324454
				,0.0336827
				,-0.0433472
				,0.32501
				,0.0359202
				,-0.0433472
				,0.32501
				,0.0359202
				,-0.0456193
				,0.325759
				,0.0388207
				,-0.0456193
				,0.325759
				,0.0388207
				,-0.0470389
				,0.326649
				,0.0421865
				,-0.0470389
				,0.326649
				,0.0421865
				,-0.0475093
				,0.32762
				,0.0457881
				,-0.0475093
				,0.32762
				,0.0457881
				,-0.0469982
				,0.328605
				,0.0493803
				,-0.0469982
				,0.328605
				,0.0493803
				,-0.0455407
				,0.329538
				,0.0527181
				,-0.0455407
				,0.329538
				,0.0527181
				,-0.0432359
				,0.330355
				,0.0555742
				,-0.0432359
				,0.330355
				,0.0555742
				,-0.0363812
				,0.322337
				,0.0327446
				,-0.0393518
				,0.320994
				,0.0346178
				,-0.0418969
				,0.320117
				,0.0372426
				,-0.0438431
				,0.319766
				,0.0404403
				,-0.0450578
				,0.319965
				,0.0439929
				,-0.0454582
				,0.3207
				,0.0476583
				,-0.0450171
				,0.321922
				,0.0511868
				,-0.0437644
				,0.323546
				,0.0543378
				,-0.0417857
				,0.325462
				,0.0568966
				,-0.034994
				,0.321041
				,0.0330893
				,-0.0366718
				,0.31849
				,0.0352836
				,-0.0381068
				,0.316576
				,0.0381842
				,-0.0392013
				,0.315429
				,0.0415935
				,-0.0398805
				,0.315128
				,0.0452792
				,-0.0400983
				,0.315692
				,0.0489899
				,-0.0398398
				,0.317084
				,0.052473
				,-0.0391226
				,0.319209
				,0.055491
				,-0.0379955
				,0.321921
				,0.0578382
				,-0.0331877
				,0.324054
				,0.0317508
				,-0.0331877
				,0.324054
				,0.0317508
				,-0.0331877
				,0.324054
				,0.0317508
				,-0.0331877
				,0.324054
				,0.0317508
				,-0.0331877
				,0.324054
				,0.0317508
				,-0.0331877
				,0.324054
				,0.0317508
				,-0.0331877
				,0.324054
				,0.0317508
				,-0.0331877
				,0.324054
				,0.0317508
				,-0.0331877
				,0.324054
				,0.0317508
				,-0.0331877
				,0.324054
				,0.0317508
				,-0.0331877
				,0.324054
				,0.0317508
				,-0.0331877
				,0.324054
				,0.0317508
				,-0.0331221
				,0.320586
				,0.0332022
				,-0.0329925
				,0.315335
				,0.0384927
				,0.0330056
				,0.317613
				,0.0355017
				,0.0328877
				,0.31391
				,0.0419713
				,0.0328444
				,0.313433
				,0.0457005
				,0.0328158
				,0.313938
				,0.0494262
				,0.0328037
				,0.31539
				,0.0528944
				,0.032809
				,0.317689
				,0.0558688
				,0.0328314
				,0.32068
				,0.0581466
				,0.0312171
				,0.321096
				,0.0330531
				,0.0294219
				,0.318597
				,0.0352137
				,0.0278745
				,0.316727
				,0.0380854
				,0.0266805
				,0.315615
				,0.0414724
				,0.0259212
				,0.315335
				,0.0451441
				,0.0256483
				,0.315907
				,0.0488501
				,0.0258804
				,0.317291
				,0.052338
				,0.0266018
				,0.319394
				,0.0553699
				,0.0277632
				,0.322073
				,0.0577393
				,0.029876
				,0.322433
				,0.0326819
				,0.026831
				,0.321179
				,0.0344967
				,0.0242105
				,0.32038
				,0.0370714
				,0.022193
				,0.320088
				,0.0402306
				,0.020916
				,0.320324
				,0.043759
				,0.0204665
				,0.321071
				,0.0474161
				,0.0208753
				,0.32228
				,0.0509529
				,0.0221143
				,0.323867
				,0.0541281
				,0.0240992
				,0.325725
				,0.0567254
				,0.0294082
				,0.324239
				,0.0321882
				,0.0259272
				,0.324668
				,0.0335428
				,0.0229324
				,0.325313
				,0.0357225
				,0.0206276
				,0.32613
				,0.0385785
				,0.0191701
				,0.327063
				,0.0419164
				,0.018659
				,0.328048
				,0.0455085
				,0.0191293
				,0.329019
				,0.0491102
				,0.0205489
				,0.329909
				,0.052476
				,0.0228211
				,0.330658
				,0.0553765
				,0.029939
				,0.326029
				,0.0317042
				,0.0269527
				,0.328127
				,0.0326078
				,0.0243826
				,0.330206
				,0.0344
				,0.0224038
				,0.332122
				,0.0369589
				,0.0211512
				,0.333746
				,0.0401099
				,0.02071
				,0.334968
				,0.0436383
				,0.0211104
				,0.335703
				,0.0473037
				,0.0223252
				,0.335902
				,0.0508564
				,0.0242714
				,0.335551
				,0.054054
				,0.0313263
				,0.327325
				,0.0313595
				,0.0296327
				,0.330631
				,0.0319419
				,0.0281727
				,0.333747
				,0.0334584
				,0.0270457
				,0.336459
				,0.0358057
				,0.0263285
				,0.338583
				,0.0388236
				,0.0260699
				,0.339975
				,0.0423067
				,0.0262877
				,0.34054
				,0.0460175
				,0.026967
				,0.340238
				,0.0497031
				,0.0280614
				,0.339092
				,0.0531124
				,0.0331982
				,0.32778
				,0.0312466
				,0.0332491
				,0.331509
				,0.0317238
				,0.033287
				,0.334987
				,0.03315
				,0.0333094
				,0.337978
				,0.0354279
				,0.0333147
				,0.340278
				,0.0384023
				,0.0333027
				,0.34173
				,0.0418704
				,0.033274
				,0.342235
				,0.0455962
				,0.0332307
				,0.341758
				,0.0493253
				,0.0331757
				,0.340332
				,0.052804
				,0.0350533
				,0.32727
				,0.0313957
				,0.0368328
				,0.330524
				,0.0320119
				,0.0383552
				,0.333595
				,0.0335573
				,0.0395166
				,0.336273
				,0.0359267
				,0.040238
				,0.338376
				,0.0389587
				,0.0404702
				,0.339761
				,0.0424465
				,0.0401972
				,0.340333
				,0.0461525
				,0.039438
				,0.340053
				,0.0498242
				,0.0382439
				,0.33894
				,0.0532113
				,0.0363944
				,0.325933
				,0.0317668
				,0.0394237
				,0.327942
				,0.0327289
				,0.0420192
				,0.329943
				,0.0345713
				,0.0440041
				,0.331801
				,0.0371686
				,0.0452431
				,0.333388
				,0.0403438
				,0.0456519
				,0.334596
				,0.0438805
				,0.0452025
				,0.335344
				,0.0475377
				,0.0439255
				,0.33558
				,0.051066
				,0.0419079
				,0.335288
				,0.0542253
				,0.0368622
				,0.324128
				,0.0322606
				,0.0368622
				,0.324128
				,0.0322606
				,0.0403275
				,0.324454
				,0.0336827
				,0.0403275
				,0.324454
				,0.0336827
				,0.0432973
				,0.32501
				,0.0359202
				,0.0432973
				,0.32501
				,0.0359202
				,0.0455695
				,0.325759
				,0.0388207
				,0.0455695
				,0.325759
				,0.0388207
				,0.0469891
				,0.326649
				,0.0421865
				,0.0469891
				,0.326649
				,0.0421865
				,0.0474594
				,0.32762
				,0.0457881
				,0.0474594
				,0.32762
				,0.0457881
				,0.0469484
				,0.328605
				,0.0493803
				,0.0469484
				,0.328605
				,0.0493803
				,0.0454908
				,0.329538
				,0.0527181
				,0.0454908
				,0.329538
				,0.0527181
				,0.0431861
				,0.330355
				,0.0555742
				,0.0431861
				,0.330355
				,0.0555742
				,0.0363314
				,0.322337
				,0.0327446
				,0.0393019
				,0.320994
				,0.0346178
				,0.041847
				,0.320117
				,0.0372426
				,0.0437933
				,0.319766
				,0.0404403
				,0.045008
				,0.319965
				,0.0439929
				,0.0454084
				,0.3207
				,0.0476583
				,0.0449672
				,0.321922
				,0.0511868
				,0.0437146
				,0.323546
				,0.0543378
				,0.0417358
				,0.325462
				,0.0568966
				,0.0349442
				,0.321041
				,0.0330893
				,0.036622
				,0.31849
				,0.0352836
				,0.038057
				,0.316576
				,0.0381842
				,0.0391514
				,0.315429
				,0.0415935
				,0.0398307
				,0.315128
				,0.0452792
				,0.0400484
				,0.315692
				,0.0489899
				,0.03979
				,0.317084
				,0.052473
				,0.0390727
				,0.319209
				,0.055491
				,0.0379457
				,0.321921
				,0.0578382
				,0.0331379
				,0.324054
				,0.0317508
				,0.0331379
				,0.324054
				,0.0317508
				,0.0331379
				,0.324054
				,0.0317508
				,0.0331379
				,0.324054
				,0.0317508
				,0.0331379
				,0.324054
				,0.0317508
				,0.0331379
				,0.324054
				,0.0317508
				,0.0331379
				,0.324054
				,0.0317508
				,0.0331379
				,0.324054
				,0.0317508
				,0.0331379
				,0.324054
				,0.0317508
				,0.0331379
				,0.324054
				,0.0317508
				,0.0331379
				,0.324054
				,0.0317508
				,0.0331379
				,0.324054
				,0.0317508
				,0.0330722
				,0.320586
				,0.0332022
				,0.0329427
				,0.315335
				,0.0384927
			]
			,"normals": [
				 0.00404461
				,-0.722585
				,-0.691271
				,0.0120453
				,-0.969412
				,-0.245145
				,0.0149681
				,-0.999847
				,0.00902775
				,0.0169054
				,-0.964836
				,0.262308
				,0.0177358
				,-0.866748
				,0.49843
				,0.0174068
				,-0.711769
				,0.702198
				,0.0159329
				,-0.509597
				,0.860266
				,0.138248
				,-0.48296
				,-0.86466
				,0.260792
				,-0.652057
				,-0.711905
